version https://git-lfs.github.com/spec/v1
oid sha256:832fcb7d0ba185bf924feb9cda3ab81905f01ad251d63febdeacb58302eca0c5
size 10198593
